camera_matrix:
- - 943.0266477854742
  - 0.0
  - 1032.0322780197018
- - 0.0
  - 941.0083683057788
  - 778.9991624974812
- - 0.0
  - 0.0
  - 1.0
dist_coeffs:
- - 0.05917403922791725
  - -0.0240225315123749
  - -0.0010728498002113263
  - 0.0010414900356420268
  - -0.0017139107645229856
height: 1536
width: 2048
