camera_matrix:
- - 1916.601721691656
  - 0.0
  - 2056.885854504356
- - 0.0
  - 1912.2616269058854
  - 1552.9903633963997
- - 0.0
  - 0.0
  - 1.0
dist_coeffs:
- - 0.044531292372732026
  - 0.01634046739780497
  - -0.001511098897321474
  - 0.000770964150766918
  - -0.02601056602091428
height: 3072
width: 4096
