camera_matrix:
- - 1951.0889634538442
  - 0.0
  - 2051.540630214211
- - 0.0
  - 1950.9874590305098
  - 1563.5736158896114
- - 0.0
  - 0.0
  - 1.0
dist_coeffs:
- 0.09759919566708476
- -0.07368713347938068
- 0.0005700994231947262
- -0.000326089252190967
- 0.03052427912528997
height: 3072
width: 4096
