camera_matrix:
- - 1213.5092357573294
  - 0.0
  - 1281.5404682077713
- - 0.0
  - 1211.7567596461924
  - 715.8529457305634
- - 0.0
  - 0.0
  - 1.0
dist_coeffs:
- 0.0645951560109839
- -0.02177393587106625
- -0.006254172005442133
- -0.001276971806595488
- -0.007147862563849006
height: 1440
width: 2560