camera_matrix:
- - 974.649169921875
  - 0.0
  - 1034.881329725089
- - 0.0
  - 973.25927734375
  - 776.0685919749085
- - 0.0
  - 0.0
  - 1.0
dist_coeffs:
- - 0.0
  - 0.0
  - 0.0
  - 0.0
  - 0.0
height: 1535
width: 2047
