camera_matrix:
- - 1982.4300537109375
  - 0.0
  - 2061.589639622107
- - 0.0
  - 1978.03173828125
  - 1546.3539461898326
- - 0.0
  - 0.0
  - 1.0
dist_coeffs:
- - 0.0
  - 0.0
  - 0.0
  - 0.0
  - 0.0
height: 3071
width: 4095
