camera_matrix:
- - 975.5444817269221
  - 0.0
  - 1025.7703151071055
- - 0.0
  - 975.4937295152549
  - 781.7868079448057
- - 0.0
  - 0.0
  - 1.0
dist_coeffs:
- 0.09759919566708476
- -0.07368713347938068
- 0.0005700994231947262
- -0.000326089252190967
- 0.03052427912528997
height: 1536
width: 2048