camera_matrix:
- - 1260.2283935546875
  - 0.0
  - 1275.835133870176
- - 0.0
  - 1255.8316650390625
  - 703.3599009935788
- - 0.0
  - 0.0
  - 1.0
dist_coeffs:
- 0.0
- 0.0
- 0.0
- 0.0
- 0.0
height: 1439
width: 2559
