camera_matrix:
- - 559.8441162109375
  - 0.0
  - 489.9624749491413
- - 0.0
  - 559.3900756835938
  - 296.3032443981756
- - 0.0
  - 0.0
  - 1.0
dist_coeffs:
- 0.0
- 0.0
- 0.0
- 0.0
- 0.0
height: 539
width: 959
