# directly from camera_info topic
camera_matrix:
- - 560.4279174804688
  - 0.0
  - 490.473388671875
- - 0.0
  - 560.4279174804688
  - 296.85296630859375
- - 0.0
  - 0.0
  - 1.0
dist_coeffs:
- 0.0
- 0.0
- 0.0
- 0.0
- 0.0
height: 540
width: 960
